Bike 0.37109 764 248 804 294
Bike 0.52222 877 230 914 285
Bike 0.29358 1085 214 1143 265
Bike 0.26172 1889 197 1918 275
Person 0.49951 67 245 131 407
Person 0.25195 874 229 915 284
Person 0.5603 1088 199 1146 261
Person 0.59253 1482 159 1520 257
Person 0.70508 1518 155 1563 256
Person 0.83496 1655 167 1692 257
Person 0.48438 1742 171 1773 233
Person 0.95752 1820 121 1854 202
Vehicle 0.93872 0 306 652 727
Vehicle 0.99463 11 658 286 934
Vehicle 0.21985 69 255 214 378
Vehicle 0.46558 744 186 856 261
Vehicle 0.97388 915 153 1013 223
Vehicle 0.96069 1026 424 1379 755
