Bike 0.2439 761 248 803 295
Bike 0.59033 872 242 918 290
Bike 0.37415 1111 142 1158 215
Bike 0.41016 1172 151 1210 235
Bike 0.94507 1468 210 1567 327
Person 0.77734 63 233 137 408
Person 0.41345 874 228 915 285
Person 0.55908 1174 133 1211 230
Person 0.2395 1485 160 1552 291
Person 0.9314 1649 177 1685 259
Person 0.93896 1701 171 1731 245
Vehicle 0.99951 -12 627 628 951
Vehicle 0.75391 78 298 681 684
Vehicle 0.3208 723 173 858 263
Vehicle 0.90454 878 141 964 204
Vehicle 0.99951 1142 528 1668 976
