Bike 0.36816 755 231 801 282
Bike 0.60303 875 229 913 278
Bike 0.99316 913 298 1046 391
Bike 0.26672 926 163 955 198
Bike 0.99219 1403 236 1514 331
Bike 0.79077 1728 215 1813 285
Person 0.59253 64 223 138 369
Person 0.245 139 216 196 373
Person 0.22241 433 466 498 587
Person 0.70142 963 261 1034 375
Person 0.49377 1215 119 1244 192
Person 0.49902 1445 204 1496 301
Person 0.32068 1483 151 1520 246
Person 0.53076 1523 150 1560 249
Person 0.88062 1651 173 1682 248
Person 0.53076 1688 172 1714 241
Person 0.46741 1755 189 1803 264
Vehicle 0.7749 13 247 629 727
Vehicle 0.99902 201 633 1004 1035
Vehicle 0.29333 469 328 758 625
Vehicle 0.91479 735 163 853 255
Vehicle 0.9624 856 122 927 178
Vehicle 0.67725 1489 767 1920 1078
