Bike 0.37476 762 247 804 293
Bike 0.67725 874 243 919 290
Bike 0.39685 968 183 998 223
Bike 0.9856 1298 262 1420 350
Bike 0.78589 1743 207 1835 295
Person 0.65137 71 237 134 403
Person 0.20154 159 325 194 407
Person 0.3042 873 230 914 284
Person 0.23456 1190 133 1223 215
Person 0.59082 1357 226 1402 319
Person 0.53101 1483 161 1523 259
Person 0.67871 1524 164 1562 254
Person 0.91479 1654 175 1687 259
Person 0.56055 1694 176 1724 246
Person 0.22089 1782 185 1826 268
Person 0.2616 1888 116 1919 224
Vehicle 0.99951 0 633 754 970
Vehicle 0.75391 39 244 720 724
Vehicle 0.67651 742 183 856 260
Vehicle 0.86694 879 143 950 197
Vehicle 0.99854 1215 583 1842 1065
