Bike 0.66504 757 224 804 277
Bike 0.85791 874 221 917 273
Bike 0.54004 1277 207 1369 274
Person 0.43774 65 217 143 353
Person 0.2688 279 272 320 371
Person 0.33191 875 202 914 268
Person 0.49597 1305 189 1351 262
Person 0.62183 1484 149 1520 247
Person 0.67847 1520 147 1562 245
Person 0.96558 1673 156 1713 235
Person 0.46826 1764 118 1799 195
Vehicle 0.96118 5 250 614 724
Vehicle 0.98755 639 637 1472 1071
Vehicle 0.77661 750 169 855 246
Vehicle 0.99854 950 152 1076 233
Vehicle 0.99561 986 343 1258 643
