Bike 0.71704 757 235 801 281
Bike 0.81665 872 221 916 277
Bike 0.90381 1624 212 1723 280
Bike 0.24036 1784 197 1848 249
Person 0.26892 68 223 134 368
Person 0.30396 873 204 916 271
Person 0.77661 1483 154 1521 250
Person 0.70532 1520 152 1561 248
Person 0.53003 1648 188 1692 260
Person 0.79785 1700 137 1740 230
Person 0.55762 1824 156 1856 214
Vehicle 0.91357 14 308 553 709
Vehicle 0.99902 88 592 814 942
Vehicle 0.89307 749 172 854 249
Vehicle 0.99854 981 323 1282 563
Vehicle 0.98706 1012 182 1178 268
