Bike 0.2193 760 234 803 281
Bike 0.74365 874 227 913 278
Bike 0.98657 957 288 1099 388
Bike 0.99146 1346 257 1460 329
Bike 0.97852 1764 208 1851 288
Person 0.65137 66 219 139 360
Person 0.20178 557 419 627 583
Person 0.24493 705 877 776 1016
Person 0.94336 1002 253 1071 366
Person 0.552 1237 112 1269 190
Person 0.77734 1383 222 1437 308
Person 0.62231 1487 154 1521 253
Person 0.95801 1534 154 1565 247
Person 0.75439 1655 170 1686 253
Person 0.40674 1683 171 1713 249
Person 0.89209 1787 182 1834 273
Vehicle 0.88086 -1 248 873 728
Vehicle 0.99219 572 665 1355 1081
Vehicle 0.89307 737 165 852 252
Vehicle 0.59131 838 126 908 170
