Bike 0.34351 762 248 803 293
Bike 0.73584 875 225 915 285
Bike 0.72852 1534 227 1642 292
Person 0.4071 286 473 353 646
Person 0.27979 876 207 914 269
Person 0.53076 1483 158 1519 256
Person 0.62231 1523 159 1561 253
Person 0.83569 1565 192 1614 277
Person 0.9043 1697 144 1739 235
Person 0.2002 1815 160 1847 211
Person 0.39929 1893 117 1918 237
Vehicle 0.95117 -16 335 578 732
Vehicle 0.99609 197 605 951 977
Vehicle 0.59253 712 179 855 267
Vehicle 0.99805 987 335 1269 584
Vehicle 0.98901 991 182 1151 272
