Bike 0.94604 789 314 923 412
Bike 0.33887 872 232 913 281
Bike 0.61279 914 160 946 203
Bike 0.97949 1292 253 1407 353
Bike 0.96436 1631 218 1726 299
Person 0.3208 63 232 140 371
Person 0.2226 142 224 201 374
Person 0.61768 836 280 902 391
Person 0.2403 876 232 911 286
Person 0.93896 1215 123 1253 194
Person 0.65063 1332 223 1386 322
Person 0.40723 1485 156 1521 253
Person 0.7981 1526 153 1561 252
Person 0.49829 1653 174 1684 239
Person 0.2843 1672 192 1711 264
Vehicle 0.88062 3 286 756 748
Vehicle 0.99854 280 644 1103 1056
Vehicle 0.29333 469 332 765 624
Vehicle 0.75464 732 167 857 263
Vehicle 0.9707 847 130 918 178
