Bike 0.3988 758 234 802 281
Bike 0.76587 820 294 934 402
Bike 0.3584 876 222 914 276
Bike 0.98706 1205 262 1324 348
Bike 0.9856 1603 220 1694 309
Person 0.245 67 222 137 359
Person 0.76489 851 254 920 378
Person 0.72754 1230 238 1304 332
Person 0.52539 1245 109 1274 181
Person 0.67896 1488 150 1519 250
Person 0.86694 1534 151 1563 246
Person 0.5271 1638 172 1685 272
Person 0.46411 1679 171 1709 246
Vehicle 0.91382 -40 247 844 733
Vehicle 0.9729 697 693 1576 1079
Vehicle 0.70532 728 167 852 254
Vehicle 0.93188 828 116 902 161
