Bike 0.65991 873 231 912 283
Bike 0.98657 898 303 1031 390
Bike 0.99316 1243 278 1348 362
Person 0.26892 65 228 136 364
Person 0.83447 327 256 358 348
Person 0.53076 472 274 506 334
Person 0.67896 953 271 998 359
Person 0.77734 1280 237 1324 334
Person 0.77686 1485 157 1522 260
Person 0.95801 1528 155 1564 250
Person 0.46826 1675 171 1704 250
Person 0.20135 1694 175 1718 240
Vehicle 0.5896 -22 241 908 740
Vehicle 0.65112 731 170 860 258
Vehicle 0.67896 810 123 880 165
Vehicle 0.97852 1041 809 1877 1067
Vehicle 0.98608 1733 176 1922 326
