Bike 0.64551 871 230 914 283
Bike 0.96606 1070 207 1117 258
Bike 0.76904 1857 192 1914 272
Person 0.65112 68 231 138 402
Person 0.31958 137 223 207 373
Person 0.44385 1075 181 1116 244
Person 0.62207 1483 159 1519 259
Person 0.65015 1520 156 1561 255
Person 0.88013 1654 170 1692 252
Person 0.52441 1735 170 1769 236
Person 0.8667 1828 120 1865 202
Vehicle 0.99048 4 642 320 927
Vehicle 0.90332 7 309 651 719
Vehicle 0.4071 730 174 855 269
Vehicle 0.9707 913 148 1010 219
Vehicle 0.979 1035 433 1397 769
