Bike 0.68433 757 228 804 281
Bike 0.8335 873 224 917 276
Bike 0.24121 933 164 960 198
Bike 0.97705 970 290 1089 378
Bike 0.9314 1454 211 1559 323
Bike 0.90332 1763 208 1858 280
Person 0.5 67 225 134 367
Person 0.46863 477 430 540 577
Person 0.2688 678 226 739 356
Person 0.29919 875 206 915 268
Person 0.729 1040 256 1082 356
Person 0.64819 1482 153 1548 281
Person 0.20026 1528 153 1562 254
Person 0.91479 1651 170 1683 250
Person 0.59155 1687 168 1714 243
Person 0.56006 1787 184 1837 260
Vehicle 0.81641 -2 230 629 728
Vehicle 0.99805 182 630 975 1017
Vehicle 0.43652 459 319 755 623
Vehicle 0.88062 746 168 854 247
Vehicle 0.9707 859 123 933 178
Vehicle 0.96606 1451 743 1931 1076
