Bike 0.51294 875 229 915 285
Bike 0.97754 1125 273 1250 375
Bike 0.97754 1487 241 1593 324
Person 0.37756 66 233 141 369
Person 0.24493 205 293 244 383
Person 0.32629 877 229 913 286
Person 0.64722 1164 234 1241 349
Person 0.49927 1226 123 1258 195
Person 0.29407 1484 155 1523 259
Person 0.56152 1521 206 1570 301
Person 0.83325 1652 177 1687 259
Person 0.26868 1684 173 1714 250
Vehicle 0.9126 -53 251 820 737
Vehicle 0.98706 408 662 1230 1075
Vehicle 0.75488 702 171 851 263
Vehicle 0.95801 844 137 911 178
