Bike 0.4032 758 234 802 281
Bike 0.72534 873 226 914 277
Bike 0.3761 1008 199 1050 240
Bike 0.98608 1618 206 1709 301
Person 0.24481 18 299 61 394
Person 0.53101 67 224 136 363
Person 0.37695 129 293 174 403
Person 0.20105 1015 187 1045 230
Person 0.56177 1485 153 1523 251
Person 0.65088 1521 153 1561 249
Person 0.75317 1643 166 1689 270
Person 0.91431 1859 112 1900 199
Vehicle 0.99194 -3 636 514 930
Vehicle 0.88062 64 238 681 678
Vehicle 0.85132 749 173 854 259
Vehicle 0.85205 900 139 982 202
Vehicle 0.99707 1088 475 1547 895
