Bike 0.55664 763 231 803 278
Bike 0.89868 873 221 916 276
Person 0.98364 1 682 100 968
Person 0.26843 259 414 292 508
Person 0.58691 685 250 754 352
Person 0.48389 874 203 915 272
Person 0.21814 1142 131 1166 195
Person 0.62207 1418 154 1458 254
Person 0.85205 1485 155 1519 250
Person 0.86694 1522 149 1563 245
Person 0.32056 1815 139 1842 210
Person 0.20166 1849 106 1876 192
Vehicle 0.93823 -5 377 273 713
Vehicle 0.77686 749 174 857 246
Vehicle 0.95752 1177 261 1530 424
Vehicle 0.92334 1789 184 1919 272
