Bike 0.48413 761 237 802 281
Bike 0.80835 876 224 914 276
Bike 0.99048 908 293 1048 394
Bike 0.99268 1300 255 1420 334
Bike 0.97485 1712 223 1803 292
Person 0.245 66 224 137 355
Person 0.2688 762 890 834 1026
Person 0.22076 828 323 868 407
Person 0.31787 876 207 911 270
Person 0.91235 955 256 1019 369
Person 0.67065 1240 113 1271 187
Person 0.53101 1338 226 1385 309
Person 0.59253 1487 151 1521 252
Person 0.88062 1535 148 1565 246
Person 0.7981 1657 167 1687 248
Person 0.53101 1684 171 1716 250
Person 0.9043 1741 189 1784 276
Vehicle 0.90308 -48 227 859 732
Vehicle 0.98364 591 674 1425 1080
Vehicle 0.91479 747 170 858 245
Vehicle 0.62183 833 117 903 162
