Bike 0.95703 865 306 985 394
Bike 0.45386 877 232 915 282
Bike 0.9895 1177 279 1302 367
Person 0.22272 67 228 136 359
Person 0.8667 330 254 368 352
Person 0.40723 476 270 508 330
Person 0.81738 900 264 954 372
Person 0.5 1218 238 1268 345
Person 0.59155 1485 157 1521 254
Person 0.86621 1527 152 1561 251
Person 0.40637 1676 175 1704 244
Vehicle 0.70361 -2 618 102 829
Vehicle 0.49805 5 216 924 727
Vehicle 0.77686 745 175 860 259
Vehicle 0.91309 809 117 880 160
Vehicle 0.75293 1113 829 1896 1073
Vehicle 0.9624 1690 176 1927 334
