Bike 0.51978 761 230 803 278
Bike 0.85864 874 222 916 274
Bike 0.79199 1301 211 1407 273
Person 0.53101 67 219 140 353
Person 0.37744 301 448 378 623
Person 0.22247 679 213 747 356
Person 0.20544 876 204 914 269
Person 0.49854 1336 192 1378 267
Person 0.67896 1486 152 1523 248
Person 0.81689 1520 151 1563 245
Person 0.91382 1676 152 1715 235
Person 0.67847 1758 116 1789 200
Vehicle 0.93774 13 248 599 740
Vehicle 0.99756 588 637 1389 1071
Vehicle 0.65063 753 171 855 246
Vehicle 0.99707 955 158 1089 240
Vehicle 0.99854 984 344 1263 626
