Bike 0.91675 873 222 916 275
Bike 0.95264 1786 188 1890 269
Person 0.85205 63 220 136 404
Person 0.42444 872 202 915 272
Person 0.49976 1487 152 1523 249
Person 0.77661 1521 152 1564 248
Person 0.79785 1662 130 1706 216
Person 0.83496 1727 150 1760 226
Person 0.55493 1814 166 1863 249
Person 0.22021 1840 154 1877 215
Vehicle 0.83398 -4 585 526 894
Vehicle 0.74927 22 304 536 675
Vehicle 0.89307 496 286 887 477
Vehicle 0.85156 747 171 855 245
Vehicle 0.99756 988 308 1296 538
Vehicle 0.97388 1039 183 1248 275
