Bike 0.35449 715 246 756 346
Bike 0.63794 762 230 804 278
Bike 0.86475 873 221 916 275
Bike 0.2406 1865 138 1911 191
Person 0.77686 18 700 164 971
Person 0.40723 66 223 139 354
Person 0.22076 684 231 726 338
Person 0.24353 715 246 756 346
Person 0.41345 875 203 914 270
Person 0.77686 1400 158 1439 253
Person 0.43774 1488 154 1522 247
Person 0.8667 1525 149 1564 245
Person 0.49951 1673 124 1710 218
Person 0.34436 1812 141 1843 208
Vehicle 0.83521 0 394 211 722
Vehicle 0.34814 755 174 854 244
Vehicle 0.96655 1192 255 1541 420
Vehicle 0.81641 1845 197 1919 259
