Bike 0.61743 755 229 802 281
Bike 0.57837 873 224 914 278
Bike 0.92871 1045 201 1090 248
Bike 0.92383 1759 206 1846 284
Person 0.62256 66 221 136 366
Person 0.29419 142 219 194 370
Person 0.55957 1049 188 1087 240
Person 0.62207 1484 155 1521 253
Person 0.70532 1520 153 1561 250
Person 0.95215 1653 166 1690 251
Person 0.83154 1726 166 1761 236
Person 0.77368 1785 179 1832 266
Person 0.90186 1849 117 1877 205
Vehicle 0.93994 -2 649 402 927
Vehicle 0.92798 32 285 649 707
Vehicle 0.8667 748 173 853 261
Vehicle 0.89307 900 143 997 210
Vehicle 0.99658 1072 443 1457 810
