Bike 0.72241 756 224 804 278
Bike 0.89355 873 223 916 274
Bike 0.7041 1210 218 1293 267
Person 0.20087 44 323 75 416
Person 0.26892 68 218 137 356
Person 0.29419 310 449 381 615
Person 0.33606 875 204 914 268
Person 0.57397 1220 202 1285 263
Person 0.6499 1483 149 1520 246
Person 0.67847 1522 143 1563 239
Person 0.75439 1667 156 1703 237
Person 0.52808 1765 144 1805 212
Vehicle 0.94385 13 255 614 718
Vehicle 0.86621 746 165 855 247
Vehicle 0.97388 793 688 1648 1079
Vehicle 0.99561 943 150 1053 226
Vehicle 0.99414 991 358 1269 658
