Bike 0.74902 762 251 803 295
Bike 0.46631 876 230 914 287
Bike 0.55249 980 189 1015 227
Bike 0.46436 1173 141 1212 230
Bike 0.98315 1424 245 1521 330
Bike 0.57715 1840 171 1914 284
Person 0.7981 64 238 134 409
Person 0.2226 340 489 411 613
Person 0.46863 398 455 474 603
Person 0.24957 876 230 914 287
Person 0.37671 1452 228 1497 310
Person 0.79761 1523 165 1561 252
Person 0.95801 1653 177 1688 262
Person 0.89209 1697 174 1729 245
Vehicle 0.99951 -8 645 649 954
Vehicle 0.75342 86 302 681 688
Vehicle 0.67871 736 177 858 265
Vehicle 0.92407 882 141 961 204
Vehicle 0.99951 1166 557 1713 1033
