Bike 0.7627 756 232 802 281
Bike 0.86963 872 221 916 277
Person 0.29419 68 221 136 358
Person 0.88062 476 254 514 354
Person 0.38281 872 203 916 273
Person 0.22076 1143 131 1170 198
Person 0.59229 1486 155 1518 251
Person 0.65088 1524 151 1563 249
Person 0.8667 1594 134 1630 221
Person 0.92383 1766 144 1805 226
Person 0.88062 1816 117 1849 194
Person 0.45508 1872 153 1905 220
Vehicle 0.97803 -12 323 527 739
Vehicle 0.9043 744 170 851 257
Vehicle 0.99756 1024 278 1352 501
Vehicle 0.20172 1198 208 1440 313
