Bike 0.23224 765 229 805 278
Bike 0.71704 873 222 918 275
Person 0.53101 24 680 165 972
Person 0.20056 168 432 199 516
Person 0.32837 718 243 757 344
Person 0.43726 873 203 917 271
Person 0.26672 1146 131 1168 194
Person 0.90454 1385 163 1439 257
Person 0.40723 1487 150 1520 248
Person 0.77686 1528 150 1563 248
Person 0.56177 1671 120 1706 206
Person 0.75391 1820 122 1852 203
Person 0.23871 1868 123 1901 196
Vehicle 0.62256 -2 399 184 727
Vehicle 0.46863 726 171 849 251
Vehicle 0.97949 1200 253 1549 416
Vehicle 0.34827 1871 200 1921 258
