Bike 0.63354 873 229 912 281
Bike 0.22198 1097 122 1179 204
Bike 0.93774 1138 224 1205 272
Person 0.24438 65 339 98 413
Person 0.3208 69 233 134 394
Person 0.28796 1143 204 1196 262
Person 0.75488 1483 155 1519 254
Person 0.75488 1518 152 1562 252
Person 0.73071 1659 160 1692 252
Person 0.26611 1751 161 1785 214
Person 0.49927 1802 122 1838 204
Vehicle 0.79077 -1 681 159 915
Vehicle 0.94507 17 276 625 756
Vehicle 0.56152 730 172 859 265
Vehicle 0.97021 927 154 1037 230
Vehicle 0.98169 991 385 1319 704
Vehicle 0.98706 1037 767 1915 1075
