Bike 0.68408 757 226 803 281
Bike 0.77661 873 222 918 275
Bike 0.99097 1139 269 1254 358
Bike 0.98511 1605 224 1699 308
Person 0.73096 60 218 138 387
Person 0.2688 112 292 149 383
Person 0.34851 676 220 739 369
Person 0.25525 756 199 798 271
Person 0.26855 872 203 916 270
Person 0.75488 1187 229 1238 323
Person 0.6123 1198 118 1236 194
Person 0.59253 1486 154 1524 252
Person 0.56177 1524 157 1561 249
Person 0.59131 1646 168 1685 247
Person 0.24274 1681 169 1712 244
Vehicle 0.79688 -8 234 673 739
Vehicle 0.99951 95 628 840 978
Vehicle 0.91479 751 170 853 248
Vehicle 0.9624 865 130 942 181
Vehicle 0.99854 1320 662 1921 1075
