Bike 0.66357 877 226 912 284
Person 0.26892 66 235 136 399
Person 0.29163 446 265 499 393
Person 0.20032 510 384 554 470
Person 0.22681 878 209 911 266
Person 0.26807 1143 140 1169 213
Person 0.56177 1483 159 1520 255
Person 0.73047 1522 157 1561 253
Person 0.97656 1616 141 1665 218
Person 0.93213 1745 150 1781 227
Person 0.34229 1844 124 1872 187
Vehicle 0.97607 -8 312 538 707
Vehicle 0.98706 1 629 256 890
Vehicle 0.59253 725 178 854 265
Vehicle 0.67896 809 272 1190 443
Vehicle 0.90381 1003 307 1300 526
Vehicle 0.73047 1084 198 1352 292
