Bike 761 241 802 291
Bike 874 232 918 285
Bike 874 142 896 179
Bike 1054 296 1184 371
Bike 1430 257 1528 335
Person 426 278 457 337
Person 457 278 492 330
Person 874 200 906 238
Person 1095 255 1146 342
Person 1458 225 1509 312
Person 1484 159 1515 250
Person 1531 156 1563 252
Person 1664 170 1692 252
Person 1689 174 1714 255
Person 300 277 341 365
Person 763 208 794 266
Person 1136 111 1158 178
Vehicle 754 182 855 261
Vehicle 821 120 887 166
Vehicle 1875 159 1920 307
Vehicle 1 287 887 708
Vehicle 1875 158 1920 309
Vehicle 851 734 1786 1080
