Bike 770 236 802 287
Bike 871 223 915 282
Bike 915 307 1038 390
Bike 928 159 953 198
Bike 1405 252 1512 330
Bike 1724 220 1818 285
Person 6 309 53 397
Person 874 195 906 239
Person 953 261 1023 357
Person 1215 120 1241 195
Person 1430 214 1487 309
Person 1484 156 1518 252
Person 1522 150 1563 252
Person 154 300 186 385
Person 1657 170 1683 252
Person 1689 172 1714 246
Person 1765 188 1796 229
Person 211 314 240 406
Person 762 205 795 265
Vehicle 757 179 852 257
Vehicle 852 126 925 177
Vehicle 1496 799 1916 1080
Vehicle 217 643 988 1017
Vehicle 1 287 770 715
