Bike 761 243 802 291
Bike 871 232 918 289
Bike 969 188 997 225
Bike 1307 268 1411 348
Bike 1746 222 1828 296
Person 78 307 113 397
Person 969 166 994 222
Person 1193 131 1218 202
Person 1332 230 1383 321
Person 1364 229 1411 319
Person 1484 166 1518 261
Person 1518 159 1560 259
Person 161 332 198 417
Person 1657 175 1683 262
Person 1695 181 1724 250
Person 1781 186 1825 282
Person 312 293 350 341
Person 770 208 789 278
Person 1140 112 1163 175
Vehicle 1 641 729 969
Vehicle 754 182 855 264
Vehicle 874 142 950 195
Vehicle 1231 602 1818 1078
Vehicle 1 323 697 756
