Bike 874 223 915 282
Bike 966 305 1089 387
Bike 1351 257 1455 335
Bike 1765 214 1847 289
Bike 768 225 796 278
Person 401 280 423 330
Person 423 278 451 326
Person 874 195 906 239
Person 896 145 915 182
Person 1007 250 1041 360
Person 1241 117 1263 190
Person 1389 222 1430 273
Person 1487 158 1515 255
Person 1534 152 1566 254
Person 1657 174 1689 257
Person 1692 177 1714 254
Person 1784 190 1841 278
Person 233 273 265 371
Person 761 194 795 248
Person 1035 248 1074 349
Vehicle 555 689 1405 1078
Vehicle 754 177 855 257
Vehicle 836 122 903 166
Vehicle 1 287 836 708
