Bike 761 239 802 291
Bike 874 232 918 285
Bike 1421 230 1515 285
Person 874 200 906 238
Person 1089 110 1111 191
Person 1111 111 1130 161
Person 1140 136 1165 213
Person 1462 200 1490 245
Person 1484 159 1518 248
Person 1515 154 1563 252
Person 1689 159 1721 243
Person 1730 119 1771 209
Person 1800 170 1828 209
Person 767 211 788 259
Person 325 287 360 360
Person 300 279 341 361
Person 145 318 183 381
Person 3 336 35 400
Vehicle 388 632 1140 1023
Vehicle 754 182 855 257
Vehicle 972 177 1111 255
Vehicle 991 349 1244 584
Vehicle 1 323 600 751
