Bike 720 129 742 172
Bike 757 234 802 289
Bike 846 314 991 399
Bike 865 145 887 175
Bike 877 230 918 284
Bike 1181 287 1294 367
Person 1 298 41 405
Person 331 252 372 360
Person 445 266 473 337
Person 470 273 511 330
Person 720 129 742 172
Person 862 126 887 174
Person 874 198 906 238
Person 896 273 950 371
Person 1206 245 1275 341
Person 1487 161 1518 257
Person 1525 156 1566 254
Person 1664 174 1695 248
Person 1692 179 1714 232
Person 758 206 791 254
Vehicle 1 595 107 834
Vehicle 754 181 855 259
Vehicle 805 115 874 159
Vehicle 1 280 900 692
Vehicle 1 595 107 834
Vehicle 1079 794 1920 1077
