Bike 761 239 802 293
Bike 874 232 918 285
Person 470 273 514 374
Person 47 353 72 405
Person 874 200 903 239
Person 1098 110 1117 163
Person 1140 136 1165 211
Person 1481 159 1515 257
Person 1525 152 1563 255
Person 15 337 50 413
Person 1613 136 1664 222
Person 1752 149 1781 230
Person 1834 111 1860 191
Person 1863 158 1891 222
Person 767 205 792 265
Vehicle 1 671 208 893
Vehicle 754 182 855 262
Vehicle 862 264 1231 433
Vehicle 1016 309 1310 520
Vehicle 1117 200 1376 289
Vehicle 1891 271 1920 365
Vehicle 1 361 558 660
