Bike 871 234 918 287
Bike 909 156 931 195
Bike 1130 294 1250 371
Bike 1493 252 1594 323
Bike 765 232 803 297
Person 874 200 906 241
Person 1155 255 1222 346
Person 1203 243 1234 305
Person 1231 124 1256 200
Person 1484 161 1515 259
Person 1528 158 1563 225
Person 1531 209 1566 259
Person 1657 175 1686 259
Person 1689 181 1717 257
Person 205 296 243 376
Person 246 310 274 381
Person 767 207 800 273
Person 1142 110 1172 173
Vehicle 420 676 1228 1078
Vehicle 754 182 855 264
Vehicle 843 131 909 177
Vehicle 1 314 802 735
