Bike 757 232 802 284
Bike 871 220 918 278
Bike 953 172 978 206
Bike 1133 278 1253 358
Bike 1604 230 1695 307
Person 328 278 363 330
Person 56 312 85 390
Person 950 152 978 206
Person 113 300 145 385
Person 1171 238 1225 323
Person 1200 122 1234 193
Person 1203 238 1250 319
Person 1484 158 1515 252
Person 1518 152 1560 250
Person 1626 195 1686 289
Person 1654 168 1683 214
Person 1689 172 1717 246
Person 173 300 215 389
Person 770 195 794 250
Person 876 191 904 250
Person 1133 97 1162 165
Vehicle 757 174 852 254
Vehicle 85 632 840 976
Vehicle 862 127 941 181
Vehicle 1901 200 1920 270
Vehicle 1 312 738 733
Vehicle 1277 617 1920 1076
