Bike 757 241 802 291
Bike 862 317 1032 401
Bike 874 230 918 285
Bike 1241 282 1351 358
Person 1 312 25 408
Person 325 270 360 364
Person 467 275 508 333
Person 874 198 906 238
Person 941 270 994 365
Person 960 110 982 163
Person 1272 243 1329 337
Person 1487 161 1515 259
Person 1528 158 1566 255
Person 1664 174 1692 257
Person 1692 177 1714 255
Person 770 206 793 266
Person 718 133 735 180
Vehicle 757 181 855 261
Vehicle 811 119 874 163
Vehicle 1 282 890 705
Vehicle 1743 161 1920 326
Vehicle 1024 803 1920 1079
