Bike 874 222 915 278
Bike 893 138 915 179
Bike 918 301 1042 392
Bike 1307 261 1411 335
Bike 1721 223 1803 294
Bike 758 223 810 278
Person 401 273 429 330
Person 423 275 451 326
Person 872 198 907 244
Person 890 126 912 179
Person 956 262 1029 355
Person 1241 117 1269 190
Person 1345 222 1389 310
Person 1487 156 1515 252
Person 1534 152 1566 250
Person 1657 170 1689 252
Person 1689 177 1714 252
Person 1740 191 1787 275
Person 761 196 798 245
Vehicle 587 698 1452 1078
Vehicle 757 177 855 254
Vehicle 830 117 896 165
Vehicle 1 284 836 708
