Bike 767 232 802 285
Bike 874 220 918 280
Bike 1010 177 1048 238
Bike 1620 225 1708 301
Person 123 319 148 405
Person 1484 158 1518 254
Person 151 307 176 392
Person 1518 150 1560 250
Person 15 310 66 399
Person 1635 191 1686 280
Person 1651 168 1680 220
Person 1664 195 1708 278
Person 1711 166 1743 216
Person 1860 110 1897 198
Person 763 197 797 273
Person 873 195 909 258
Person 1021 163 1041 210
Person 267 292 304 347
Vehicle 1 635 514 930
Vehicle 754 179 855 254
Vehicle 893 142 975 204
Vehicle 1105 492 1534 866
Vehicle 1 303 656 685
