Bike 757 239 802 291
Bike 874 230 918 285
Bike 1133 222 1203 271
Person 871 222 918 284
Person 874 198 906 241
Person 1484 159 1515 254
Person 1518 152 1560 252
Person 1661 163 1695 243
Person 1752 161 1787 232
Person 1803 119 1841 204
Person 768 208 798 268
Person 1155 187 1188 243
Person 1149 123 1171 186
Person 1094 110 1119 179
Person 57 322 107 424
Person 230 296 265 350
Person 207 296 240 355
Vehicle 1 682 148 936
Vehicle 754 182 855 257
Vehicle 931 161 1029 230
Vehicle 1023 399 1304 694
Vehicle 1 317 618 731
Vehicle 960 754 1918 1080
