Bike 874 218 918 275
Bike 1212 222 1288 268
Bike 765 227 800 278
Person 44 312 75 413
Person 817 81 836 108
Person 871 186 912 254
Person 931 95 950 145
Person 1111 95 1136 175
Person 1143 124 1168 198
Person 1225 190 1278 252
Person 1484 152 1518 248
Person 1515 145 1560 246
Person 1664 154 1702 238
Person 1768 154 1800 204
Person 765 195 794 254
Person 257 282 316 357
Person 181 292 216 353
Vehicle 757 170 852 248
Vehicle 789 701 1654 1080
Vehicle 941 158 1054 229
Vehicle 1007 367 1260 644
Vehicle 1 307 603 758
