Bike 780 328 922 415
Bike 874 230 918 285
Bike 1288 270 1402 348
Bike 1629 232 1727 303
Bike 766 236 807 291
Person 369 291 410 342
Person 827 285 881 383
Person 827 90 843 124
Person 858 280 912 385
Person 874 202 912 266
Person 918 152 944 202
Person 1222 126 1247 200
Person 1294 266 1398 348
Person 1320 230 1383 325
Person 1357 223 1389 284
Person 1484 161 1515 257
Person 1525 156 1563 254
Person 1654 174 1686 236
Person 1689 174 1714 239
Person 176 303 205 387
Person 224 319 258 397
Person 1665 203 1698 279
Person 767 207 791 255
Vehicle 754 181 855 264
Vehicle 849 127 915 181
Vehicle 303 662 1080 1055
Vehicle 1 312 786 728
Vehicle 1603 869 1920 1078
