Bike 767 234 802 287
Bike 874 222 918 280
Bike 1045 200 1086 246
Bike 1758 218 1847 285
Person 1 314 34 401
Person 874 197 906 239
Person 1048 175 1083 236
Person 107 319 138 406
Person 1484 159 1515 254
Person 1518 152 1560 252
Person 1654 168 1689 254
Person 1724 166 1758 236
Person 176 294 208 369
Person 1784 181 1837 264
Person 1847 117 1875 200
Person 252 298 281 341
Person 763 201 793 254
Vehicle 1 637 397 923
Vehicle 754 177 852 254
Vehicle 903 147 997 209
Vehicle 1064 449 1443 792
Vehicle 1 325 641 671
