Bike 767 234 802 285
Bike 808 310 931 403
Bike 874 222 918 278
Bike 884 145 906 175
Bike 1209 266 1326 348
Bike 1601 229 1692 307
Person 883 269 915 383
Person 874 197 906 243
Person 881 127 903 175
Person 1152 129 1174 172
Person 1241 238 1291 319
Person 1250 113 1272 191
Person 1487 156 1515 252
Person 1531 150 1566 250
Person 1616 202 1686 291
Person 1661 165 1695 254
Person 1692 172 1714 250
Person 271 275 315 364
Person 856 284 886 391
Person 760 201 808 269
Vehicle 707 721 1582 1080
Vehicle 754 177 852 255
Vehicle 830 115 893 163
Vehicle 1 285 849 706
