Bike 761 248 802 294
Bike 874 234 918 289
Bike 985 181 1013 230
Bike 1417 257 1522 330
Bike 1837 209 1920 282
Person 874 234 918 289
Person 982 166 1010 220
Person 107 314 138 406
Person 1187 133 1212 198
Person 1452 218 1515 309
Person 1481 165 1515 239
Person 1518 159 1560 257
Person 1654 175 1683 261
Person 1698 179 1727 250
Person 1856 177 1916 262
Person 296 296 331 346
Person 757 215 794 263
Person 878 206 910 269
Vehicle 1 643 653 966
Vehicle 754 184 855 264
Vehicle 877 145 956 202
Vehicle 1171 555 1702 1008
Vehicle 1 301 678 694
