Bike 761 230 802 285
Bike 871 220 915 278
Bike 931 152 960 198
Bike 966 291 1092 381
Bike 1452 238 1553 323
Bike 1771 214 1856 280
Person 1004 254 1070 353
Person 1029 250 1083 339
Person 1143 113 1162 163
Person 1212 119 1237 190
Person 1484 154 1515 230
Person 1513 200 1544 293
Person 1518 147 1556 238
Person 1654 168 1683 254
Person 1689 172 1714 246
Person 1806 182 1834 225
Person 18 309 66 397
Person 202 316 236 406
Person 766 198 793 265
Person 874 192 919 261
Person 1482 210 1516 285
Vehicle 754 175 852 255
Vehicle 852 124 925 177
Vehicle 1446 763 1920 1080
Vehicle 195 641 944 1012
Vehicle 1 314 751 731
