Bike 874 218 918 273
Bike 1275 220 1367 273
Person 451 390 498 442
Person 931 88 953 143
Person 1111 97 1136 170
Person 1143 122 1171 198
Person 1320 188 1345 230
Person 1484 152 1515 248
Person 1515 145 1560 246
Person 1673 156 1714 236
Person 173 307 208 353
Person 1765 108 1793 197
Person 1774 156 1803 202
Person 18 316 66 413
Person 874 187 910 258
Person 761 197 794 253
Vehicle 637 657 1458 1080
Vehicle 757 170 852 248
Vehicle 953 161 1070 234
Vehicle 985 355 1247 623
Vehicle 1 326 596 744
